      1110	        81	         3
      2682	         2	        83
      2755	         1	        80
      3368	        83	         2
      3857	         1	        82
      4116	         2	        83
      4336	        83	         2
      4696	         3	        81
      5505	        83	         1
      9458	        82	         1
     11180	        81	         2
     11341	         1	        83
     14722	         2	        81
     14941	        83	         2
     15552	        80	         1
     15966	        81	         0
     18048	        81	         2
     20660	         1	        80
     20879	        83	         2
     22679	         2	        81
     23224	        83	         1
     25204	        83	         0
     25207	         2	        81
     26024	         1	        83
     26230	         3	        82
     28862	         3	        80
     29976	        81	         0
     31005	         0	        82
     35003	        80	         1
     35924	        82	         0
     36846	         1	        82
     37679	        81	         2
     38831	        81	         0
     39640	        82	         3
     41272	        82	         3
     42202	         1	        80
     43070	         1	        80
     44966	         3	        81
     48244	         0	        82
     48500	        80	         2
     49236	        83	         2
     49381	         3	        80
     49624	         2	        80
     52752	        82	         1
     55710	         1	        83
     56573	         1	        80
     56595	        80	         1
     56768	        81	         0
     58929	         3	        81
     59428	        81	         3
     60982	        81	         3
     61250	        83	         0
     64424	        82	         1
     65096	         0	        81
     65308	        81	         2
     65810	         2	        81
     65879	        80	         1
     66018	        83	         0
     66355	        80	         2
     66444	         1	        83
     66886	        80	         1
     67673	         2	        81
     68140	        83	         0
     69319	        83	         1
     71346	        83	         2
     72600	        82	         0
     75541	         1	        80
     77132	         1	        82
     77655	         2	        81
     78549	        81	         2
     79454	         1	        80
     79714	        82	         0
     81887	        80	         1
     81966	        83	         0
     82147	         1	        80
     85231	        80	         2
     85845	        82	         1
     86606	         2	        81
     87745	         1	        82
     88484	         1	        83
     89928	         3	        82
     91476	         0	        81
     92333	         2	        80
     92418	         3	        81
     94361	        82	         3
     94365	        80	         2
     94430	        80	         2
     95079	         1	        82
     95698	        81	         2
     96587	         2	        83
     96710	        83	         1
    101462	        81	         2
    101949	         1	        80
    103338	         2	        81
    103366	        82	         0
    103666	         3	        82
    108328	         1	        80
    111235	         1	        80
    112929	         2	        81
    113120	         1	        80
    113576	         0	        83
    115192	        81	         2
    115729	        81	         2
    117385	         0	        81
    117799	        81	         2
    117818	         2	        80
    119735	        80	         1
    120004	         1	        83
    121127	        83	         1
    127727	        81	         3
    129959	         3	        80
    131117	        82	         1
    132309	         1	        82
    132627	        81	         2
    134315	         3	        80
    134357	         0	        82
    135244	        81	         0
    139177	         1	        80
    139969	         3	        81
    140198	         2	        80
    140971	         1	        82
    142339	         3	        80
    143657	        80	         2
    144014	        80	         2
    144252	         2	        83
    144449	         3	        80
    144911	        82	         3
    145845	         2	        80
    146759	         2	        80
    149279	        80	         2
    150416	        82	         1
    151823	         3	        82
    152037	        82	         1
    152540	        83	         2
    153229	        81	         3
    154098	        80	         1
    157310	         0	        83
    160029	         1	        83
    163669	         1	        82
    164075	         0	        81
    165049	         1	        80
    165611	        80	         2
    166632	        80	         2
    167717	        82	         1
    168884	        81	         3
    171200	        81	         2
    172043	        82	         3
    172317	        83	         2
    173407	         1	        82
    176445	         1	        82
    178047	        83	         2
    181228	         0	        82
    181280	        81	         0
    182732	         0	        82
    184611	        81	         2
    187983	         2	        81
    192833	        80	         3
    193522	        83	         2
    193627	         1	        83
    194166	        82	         3
    196542	         2	        83
    197028	         1	        80
    197354	        81	         0
    197802	        82	         1
    198305	         2	        83
    198516	         3	        81
    198766	        80	         2
    201406	        81	         0
    202037	        83	         2
    202344	        82	         1
    202701	         1	        80
    202885	        81	         2
    204257	        80	         2
    205168	         1	        83
    205989	        82	         0
    208220	         1	        80
    210374	         1	        82
    210798	         0	        82
    210826	        80	         3
    211715	        80	         2
    212196	         1	        83
    212389	         1	        83
    212513	         3	        80
    214129	         1	        82
    214870	        81	         2
    216856	        81	         3
    218548	        83	         0
    218734	        82	         1
    219400	        80	         1
    220105	         1	        83
    220161	        83	         2
    220321	         0	        81
    220564	        81	         2
    220710	         1	        80
    221616	        82	         3
    222129	         2	        80
    222835	         3	        82
    222864	         3	        81
    225658	         1	        80
    227177	         2	        83
    227865	         0	        81
    227994	        81	         2
    228064	         0	        82
    228640	         1	        83
    229119	        80	         3
    229562	        80	         3
    229958	         2	        81
    232051	         3	        80
    232987	        83	         1
    233671	         3	        82
    235132	         2	        80
    237289	         2	        80
    240472	         1	        83
    241201	        80	         1
    243530	        80	         2
    244456	         1	        83
    244757	         2	        83
    246309	        83	         1
    249821	         2	        83
    254369	        81	         2
    254466	        83	         0
    254689	        81	         0
    255562	        83	         0
    256799	         1	        82
    257633	        82	         1
    258424	        81	         3
    258638	        81	         2
    260188	        80	         1
    260867	         1	        80
    261013	         1	        80
    262216	        82	         0
    264020	        83	         0
    268553	         0	        81
    273391	         3	        81
    274181	         0	        83
    278569	        83	         1
    280170	         2	        80
    280690	         3	        80
    281188	         0	        83
    281294	         3	        81
    281982	         1	        80
    285028	        80	         2
    286704	        82	         0
    286886	        81	         2
    288001	         0	        83
    288063	         3	        80
    288820	        82	         3
    289605	        82	         3
    292796	        83	         1
    293514	         1	        83
    295881	         3	        81
    299089	        81	         3
    299455	         2	        80
    299808	        80	         2
    300537	        83	         1
    300560	         1	        82
    301250	        83	         0
    301841	         1	        80
    302444	         0	        82
    303498	        82	         1
    305865	        82	         0
    308401	         2	        80
    308670	         1	        83
    308951	        80	         1
    309910	         3	        81
    311841	         3	        82
    312101	        80	         1
    312582	         1	        83
    313584	        80	         3
    315239	        81	         0
    316805	        81	         3
    320809	         0	        82
    320814	         1	        80
    320991	        83	         1
    322293	         1	        80
    322434	        82	         0
    322453	         1	        82
    322701	        81	         3
    327048	         1	        82
    330138	         3	        80
    332144	         1	        82
    334379	        81	         0
    335313	         1	        83
    336596	         2	        83
    336718	        83	         1
    337195	         1	        80
    337490	        82	         3
    338538	        81	         0
    338907	        81	         2
    341366	        83	         2
    341871	        81	         0
    342795	        82	         1
    344007	        80	         1
    344128	         2	        80
    345138	         3	        80
    345601	         0	        82
    345918	         0	        83
    346194	         2	        80
    346693	        80	         2
    348265	         3	        81
    349923	         0	        82
    352758	         0	        81
    354726	        82	         0
    355721	        81	         2
    355986	        82	         1
    356644	         3	        82
    357390	         2	        83
    359352	         1	        80
    360652	         1	        82
    361259	         2	        81
    362021	         1	        80
    362231	         1	        83
    363224	         3	        80
    365273	         3	        80
    366569	        80	         1
    366994	        80	         2
    368126	         0	        83
    368433	         2	        81
    368874	         0	        82
    371055	        83	         1
    371467	         2	        80
    374018	         3	        81
    376546	        83	         2
    377061	         3	        81
    377278	        80	         1
    377950	         1	        83
    378893	        81	         0
    378943	         2	        81
    379486	         2	        80
    379988	         1	        80
    381124	        82	         1
    381238	        81	         3
    383146	         1	        82
    383373	        80	         1
    383600	        82	         3
    386426	         2	        83
    386693	        81	         2
    386712	        80	         3
    387043	        81	         2
    389772	         1	        83
    391178	         2	        80
    393268	        81	         0
    393448	         1	        80
    394488	         1	        83
    396181	        81	         2
    397661	         0	        83
    402752	        83	         0
    403060	         2	        81
    403899	        80	         2
    404502	         1	        80
    404898	        80	         3
    405578	        82	         1
    406188	        83	         2
    409434	         2	        81
    409436	         3	        80
    409519	         1	        83
    409710	        83	         1
    413188	        81	         0
    414527	         1	        80
    414534	        81	         2
    414739	         1	        80
    415490	         0	        83
    416166	         1	        80
    417078	         0	        81
    419633	         0	        82
    420668	        80	         2
    420761	        81	         0
    421859	        80	         2
    423066	         3	        82
    424178	        82	         1
    426660	        83	         2
    426981	         3	        81
    427801	         2	        80
    428478	        81	         2
    430999	         2	        83
    431183	         3	        80
    431889	        82	         1
    432151	         3	        81
    432585	         2	        80
    435185	         2	        81
    435223	         1	        83
    436729	         1	        80
    436998	         3	        81
    437656	        82	         1
    437681	         1	        82
    440349	         0	        83
    441690	         3	        81
    442140	        81	         3
    443120	         3	        82
    443432	        80	         2
    443649	         2	        81
    444554	        80	         2
    444790	        81	         3
    445925	         0	        81
    448565	        80	         2
    448836	        82	         3
    449151	         2	        81
    451901	        80	         3
    451975	         2	        83
    452263	        83	         2
    453514	        80	         1
    459100	         1	        83
    459951	        80	         2
    460020	        83	         1
    460679	        80	         2
    461068	         2	        80
    461559	        82	         0
    464284	        80	         1
    464698	         3	        80
    464718	         2	        83
    465379	        80	         2
    465494	         1	        80
    467642	         0	        81
    468679	         1	        80
    469126	        82	         3
    471101	         0	        82
    471290	         1	        83
    473710	         2	        80
    473774	         2	        81
    475236	         2	        83
    476170	         1	        82
    477528	        80	         2
    478283	         0	        82
    478385	         3	        82
    478756	        83	         2
    480856	        81	         0
    481050	         0	        83
    482974	        80	         2
    487114	         0	        81
    487554	         0	        82
    487622	         1	        83
    487873	         2	        81
    489767	        82	         3
    491239	         3	        82
    491561	         3	        82
    493888	        83	         2
    494203	         1	        82
    494322	         1	        83
    495773	         1	        82
    495869	         1	        83
    496531	         1	        82
    498309	        83	         2
    498631	        80	         1
    499027	        83	         1
    499306	         3	        81
    499452	        82	         3
    500630	        83	         1
    500753	         2	        81
    501238	        83	         1
    501967	         3	        81
    502296	         1	        83
    504261	        81	         3
    504751	         3	        80
    505330	        81	         2
    510029	        82	         1
    512959	        82	         3
    513993	        80	         3
    515776	         1	        80
    516387	         3	        82
    516517	        83	         1
    517209	         2	        81
    518048	         3	        80
    518192	         1	        83
    518781	        82	         0
    521623	        83	         2
    521890	        82	         1
    522547	        81	         2
    522858	         0	        81
    524417	        80	         2
    526669	        83	         0
    527211	        80	         1
    527822	        82	         3
    529815	         2	        80
    530299	        81	         0
    532187	        80	         2
    532496	         3	        80
    532788	        80	         2
    533692	        82	         3
    533894	        82	         3
    534103	        81	         2
    534199	        80	         3
    534353	        82	         3
    535302	         1	        83
    535558	        80	         2
    536406	        83	         1
    536633	         1	        80
    536782	         0	        82
    536998	         3	        81
    537229	         2	        81
    537983	        80	         3
    538515	         1	        83
    539573	         2	        83
    540760	        80	         3
    541170	        81	         0
    542046	        80	         2
    542734	        83	         2
    543218	        83	         1
    544041	        82	         3
    544812	        82	         1
    547248	        82	         3
    548789	         1	        83
    548805	        80	         2
    549448	         0	        83
    550666	         3	        80
    550869	        83	         0
    551838	        81	         0
    552766	         1	        82
    552832	        83	         2
    552966	         0	        81
    553052	        80	         2
    553635	        83	         1
    556455	         0	        83
    559027	        82	         1
    559385	         2	        83
    560003	         2	        83
    560083	         1	        83
    562194	         0	        82
    562200	        81	         2
    562683	        83	         1
    563649	        81	         3
    564141	        81	         0
    564954	        80	         1
    564975	        80	         1
    565203	        83	         1
    567217	         3	        81
    569205	         3	        82
    569815	        82	         3
    572491	        82	         0
    574028	         3	        81
    575884	        81	         3
    576791	        82	         3
    577289	        80	         2
    577602	         0	        82
    578025	        82	         0
    578401	         1	        83
    581616	        81	         0
    582450	        83	         2
    582801	         1	        83
    582848	         1	        83
    582861	        82	         3
    583265	         1	        82
    584693	         1	        82
    584992	         2	        81
    588921	         3	        82
    590009	         2	        83
    591369	        80	         1
    592002	        82	         1
    593535	         0	        81
    594201	         0	        81
    594385	        81	         2
    595630	         2	        81
    596996	         0	        83
    598093	        83	         1
    599372	         2	        83
    603577	        83	         0
    604088	         2	        81
    604125	        83	         0
    605826	        80	         3
    609229	        83	         1
    609709	        83	         1
    613197	        83	         2
    614832	        81	         3
    616163	         3	        80
    616630	         3	        80
    617468	         0	        83
    618774	        82	         0
    621439	        81	         2
    623187	         3	        82
    623656	        83	         2
    624268	        80	         2
    626018	         0	        83
    626059	        82	         0
    626149	         1	        82
    626656	        81	         2
    627037	         2	        81
    627110	         0	        81
    628514	         2	        80
    628557	        80	         2
    628939	         0	        83
    632595	         2	        80
    634063	         3	        81
    634233	        81	         3
    635994	        81	         3
    636156	        81	         2
    636450	         3	        82
    636877	         2	        81
    638521	         0	        82
    638600	         1	        80
    639127	        81	         0
    639247	        80	         2
    640849	        82	         3
    642144	         2	        81
    645569	         2	        81
    646395	         0	        81
    648178	         2	        81
    649149	        80	         3
    649386	        80	         1
    649630	        80	         3
    651266	         0	        83
    651853	        80	         3
    658012	        83	         2
    658887	        81	         2
    658894	         2	        81
    659588	        83	         1
    660945	         1	        80
    662395	        82	         1
    662939	         1	        82
    666577	         2	        80
    667385	         2	        83
    668705	        82	         0
    668893	         3	        80
    671121	         3	        81
    673347	         1	        82
    673912	        80	         1
    676785	         3	        80
    678440	        81	         2
    679031	        80	         3
    683657	        82	         1
    686234	        83	         2
    687416	        82	         1
    687549	         0	        81
    688221	        80	         2
    688229	         2	        83
    688458	         2	        81
    688605	        82	         0
    690035	        81	         3
    691189	         3	        80
    691775	        82	         1
    692860	         2	        83
    693550	        80	         1
    693988	        82	         1
    695530	        83	         1
    697568	        80	         2
    700206	         2	        80
    702622	        81	         2
    702851	         3	        80
    703308	        80	         2
    706801	        80	         1
    707730	         1	        80
    708947	        83	         0
    709755	        82	         1
    711306	         1	        83
    711588	        82	         3
    711705	         3	        81
    712926	        80	         1
    713490	         1	        82
    715894	        81	         3
    717369	        80	         1
    717664	        81	         0
    719708	        80	         2
    720265	         0	        81
    720840	         3	        80
    722292	         1	        82
    722350	        81	         0
    722383	        82	         1
    723432	        81	         2
    724477	        80	         1
    725289	         2	        83
    725676	         2	        83
    729423	        82	         1
    730464	        83	         1
    730926	         0	        83
    731667	        83	         0
    732897	        83	         0
    734035	        80	         3
    735117	         2	        81
    736942	         1	        80
    736957	         2	        80
    739076	         2	        83
    739210	        83	         0
    740660	         0	        82
    740721	         2	        80
    741931	        81	         0
    744765	         1	        82
    745164	        81	         2
    747829	         3	        82
    748374	         3	        81
    749693	        80	         3
    749944	         0	        82
    751696	         3	        82
    752544	         2	        83
    753610	        82	         0
    754359	        83	         2
    755933	        82	         1
    756202	        82	         0
    756407	        81	         2
    758006	         2	        81
    759163	         0	        82
    760094	        83	         1
    763368	         0	        83
    764493	         3	        82
    765431	        81	         0
    766796	         1	        80
    771405	        83	         0
    772224	        81	         0
    772985	         3	        81
    773427	         1	        80
    773506	        81	         2
    774602	         1	        83
    775408	         3	        81
    776719	         2	        80
    779122	        82	         1
    779331	        81	         2
    779468	         2	        83
    780394	        82	         3
    783368	        83	         0
    784435	        82	         0
    785512	         0	        81
    786735	        81	         0
    787600	        80	         1
    787608	        80	         1
    789572	         1	        80
    789711	         3	        81
    789993	         2	        83
    790291	         2	        80
    791403	        82	         3
    795412	        80	         1
    797163	         0	        81
    799608	         3	        81
    800774	        80	         1
    803234	        80	         2
    804413	        80	         1
    804664	        83	         1
    805337	        81	         0
    806107	        81	         2
    806371	        83	         2
    807793	        83	         0
    808187	        81	         0
    810641	         1	        80
    810994	        83	         0
    811146	        81	         3
    811402	        83	         1
    811975	        82	         0
    812493	         1	        80
    813309	        83	         2
    814054	         1	        82
    815698	        81	         0
    815978	         2	        81
    816136	         3	        81
    821925	        82	         0
    822954	        81	         2
    824188	        83	         0
    824543	        80	         3
    825706	         3	        82
    829539	        81	         3
    829982	        82	         0
    831072	        80	         3
    831930	        83	         1
    832198	        81	         0
    832787	         3	        80
    834644	         3	        81
    834900	        82	         3
    834950	        82	         0
    837347	        82	         0
    838097	        81	         0
    839513	        81	         0
    840732	        83	         0
    841455	        81	         0
    841889	        80	         3
    843027	        83	         0
    843342	         1	        80
    843465	        81	         3
    847460	        81	         2
    848209	        80	         3
    851270	         0	        82
    851672	         3	        80
    852007	        81	         2
    854064	         1	        80
    855428	         0	        83
    855851	        80	         2
    861515	         1	        83
    862430	         0	        82
    862638	         1	        82
    863089	        82	         0
    866209	         1	        82
    867066	         2	        80
    867907	        80	         2
    869251	         1	        80
    872568	        81	         2
    873575	         0	        81
    875147	        82	         3
    878161	         0	        81
    880004	        83	         2
    882437	        82	         3
    882814	         0	        82
    882950	        82	         1
    883558	         0	        82
    883683	         1	        83
    884141	        80	         2
    884630	         0	        82
    885347	        83	         2
    885504	         3	        81
    886041	        82	         1
    887912	         1	        83
    887984	         1	        82
    890886	         1	        82
    892215	         0	        81
    893082	         3	        80
    893679	         2	        81
    894050	         3	        80
    894682	        80	         1
    895793	        81	         3
    896862	         2	        83
    899428	         0	        83
    900165	        82	         0
    900605	         3	        81
    902591	        81	         0
    903841	        81	         0
    904374	         3	        81
    904489	        80	         2
    905841	        83	         1
    906854	        83	         0
    908756	         1	        83
    909444	         2	        80
    910041	        80	         1
    910506	         2	        81
    910805	        80	         2
    911377	        81	         2
    917950	         2	        83
    918840	         2	        83
    918919	        82	         1
    919863	         2	        83
    919874	        80	         2
    920192	         0	        82
    920448	        81	         0
    920522	         3	        81
    921281	         3	        80
    922654	         2	        83
    922809	         3	        82
    925500	        82	         0
    929534	        80	         1
    930461	         3	        82
    930465	         0	        82
    931895	         2	        80
    932979	         2	        80
    938934	         1	        83
    938974	        82	         1
    940230	         3	        82
    940450	        82	         3
    940464	        83	         2
    941823	        83	         1
    945168	        81	         3
    946013	         0	        82
    946616	         1	        80
    949778	         1	        80
    950440	        82	         1
    951262	        82	         1
    951301	         1	        82
    951864	         3	        82
    952252	        83	         2
    954789	        83	         0
    956059	        80	         2
    956786	        82	         1
    957597	        80	         3
    958333	        82	         3
    958664	         0	        83
    961094	         1	        83
    962441	         3	        82
    963253	         3	        82
    963314	        81	         2
    963332	        83	         1
    963578	         3	        80
    963677	         2	        83
    963926	        81	         0
    964952	        82	         0
    967060	         0	        82
    967573	        83	         1
    968994	        83	         0
    969810	         3	        81
    970206	         1	        80
    970816	         2	        80
    971075	         0	        83
    971582	         2	        83
    972118	        80	         1
    972172	        82	         3
    973324	        80	         2
    974139	         0	        81
    975867	        82	         1
    976561	         2	        81
    977126	        81	         2
    977862	        81	         2
    978186	        82	         0
    978586	         3	        80
    978804	         2	        81
    980960	        82	         0
    981976	        81	         0
    983100	        83	         0
    985240	         1	        82
    989023	         3	        81
    989273	        81	         0
    989620	        83	         0
    991506	         3	        82
    991739	         1	        82
    993255	        81	         2
    994067	        80	         1
    996597	        82	         1
    997163	        81	         3
    997198	         1	        82
    998503	         1	        82
    999536	         2	        80
    999597	         2	        81
    999701	        80	         2
